0000000
0000000
0000000
1000000
0100000
0010000
1001000
0100100
0010010
1001001
0010010
0100100
1001001
0010010
0100100
1000010
0000001
0000000
0000000
0000000
1000001
1101011
0111010
0010010
0000110
0101101
1101001
1000000
0010001
1011011
0000000
0000000
0000000
0000000
0000000
1010101
0000000
0101010
0000000
1010101
0101010
0101010
0000000
0000000
0000000
1111111
0000000
0000000
0011111
0011111
0011111
0000000
1111000
1111000
0000000
0011110
0000000
0000000
0000000
0000000
1110111
0000100
0111101
0000001
1101111
0100000
0111101
0000001
1110111
0000000
0000000
0000000
0000000
0000000
0000000
1010101
1010101
0101010
0101010
1010101
1111111
0101010
0101010
0000000
0000000
0000000
0000000
0000000
0000000
0000000
